%% MS_WAZE_Behav_plot


M28.day = 1:20;
M28.correct =   [3,2,2,2,2,4,3,2,0,4,4,1,1,2,3,4,1,2,3,4];
M28.C_nTrials = [4,3,3,3,4,4,4,4,1,5,7,3,1,4,6,6,2,5,4,5];
M28.nTrials =   [9,6,7,6,9,8,9,8,3,8,14,7,3,9,12,12,5,10,9,10];


% plot over days

% figure(